Pressure Flowrate 
3973.25  0.0 
1610     27358.636275 
1600     27474.083722360247 
1550     28041.733504968943 
1500     28593.40440559006 
1450     29129.0964242236 
1400     29648.809560869562 
1350     30152.543815527948 
1300     30640.299188198755 
1250     31112.075678881985 
1200     31567.873287577637 
1150     32007.692014285713 
1100     32431.53185900621 
1050     32839.39282173913 
1000     33231.27490248447 
950      33607.178101242236 
900      33967.10241801242 
850      34311.04785279503 
800      34639.01440559006 
750      34951.00207639751 
700      35247.01086521739 
650      35527.04077204969 
600      35791.09179689441 
550      36039.163939751554 
500      36271.25720062111 
450      36487.3715795031 
400      36687.507076397516 
350      36871.66369130435 
300      37039.8414242236 
250      37192.040275155276 
200      37328.26024409938 
150      37448.5013310559 
100      37552.763536024846 
50       37641.04685900621 
0        37713.351299999995 
